<?xml version="1.0"?>
<opencv_storage>
<cam_reprojection_error>4.3389229064672152e-001</cam_reprojection_error>
<cam_reprojection_error2>3.3194756453244811e-001</cam_reprojection_error2>
<proj_reprojection_error>6.6910035861103534e-001</proj_reprojection_error>
<proj_reprojection_error2>5.9856796075510132e-001</proj_reprojection_error2>
<stereo_reprojection_error>4.7823894709103976e-001</stereo_reprojection_error>
<cam_K type_id="opencv-matrix">
  <rows>3</rows>
  <cols>3</cols>
  <dt>d</dt>
  <data>
    1.9106223267217181e+003 0. 9.5131348391258962e+002 0.
    1.9064524614409170e+003 5.5298040446569075e+002 0. 0. 1.</data></cam_K>
<cam_dist type_id="opencv-matrix">
  <rows>1</rows>
  <cols>5</cols>
  <dt>d</dt>
  <data>
    4.7933222568220064e-003 -2.8683874726395674e-002
    -2.3578408134476820e-003 -3.5546071481245994e-003 0.</data></cam_dist>
<cam_R>
  <_ type_id="opencv-matrix">
    <rows>3</rows>
    <cols>1</cols>
    <dt>d</dt>
    <data>
      3.5180442788382932e-001 2.5420973208537018e-001
      3.1016724357014138e+000</data></_>
  <_ type_id="opencv-matrix">
    <rows>3</rows>
    <cols>1</cols>
    <dt>d</dt>
    <data>
      3.9529896484365562e-001 2.8930620504667992e-001
      3.0947913696727887e+000</data></_>
  <_ type_id="opencv-matrix">
    <rows>3</rows>
    <cols>1</cols>
    <dt>d</dt>
    <data>
      3.0028792448645347e-001 1.5794503524335352e-001
      3.1087370342970466e+000</data></_>
  <_ type_id="opencv-matrix">
    <rows>3</rows>
    <cols>1</cols>
    <dt>d</dt>
    <data>
      -1.8083581647660868e-001 1.0733603497093859e-001
      3.0954835114257562e+000</data></_>
  <_ type_id="opencv-matrix">
    <rows>3</rows>
    <cols>1</cols>
    <dt>d</dt>
    <data>
      -2.9767947935494649e-001 1.2328748506372875e-001
      3.0716944164263205e+000</data></_>
  <_ type_id="opencv-matrix">
    <rows>3</rows>
    <cols>1</cols>
    <dt>d</dt>
    <data>
      -2.7918973338761693e-001 1.1944656851668269e-001
      3.0720682652631006e+000</data></_>
  <_ type_id="opencv-matrix">
    <rows>3</rows>
    <cols>1</cols>
    <dt>d</dt>
    <data>
      -9.6184604804849905e-001 -1.4764005875837558e-001
      -2.9661447003014265e+000</data></_>
  <_ type_id="opencv-matrix">
    <rows>3</rows>
    <cols>1</cols>
    <dt>d</dt>
    <data>
      -1.0950340045770572e+000 -6.0174908148321028e-002
      -2.9319222152527846e+000</data></_>
  <_ type_id="opencv-matrix">
    <rows>3</rows>
    <cols>1</cols>
    <dt>d</dt>
    <data>
      -1.0303845851518447e+000 -1.5376642478576813e-002
      -2.9689832863465493e+000</data></_>
  <_ type_id="opencv-matrix">
    <rows>3</rows>
    <cols>1</cols>
    <dt>d</dt>
    <data>
      3.3778289387932819e-001 1.2481345977210653e-001
      3.1065150158132262e+000</data></_>
  <_ type_id="opencv-matrix">
    <rows>3</rows>
    <cols>1</cols>
    <dt>d</dt>
    <data>
      -2.3652758595700027e-001 8.5937645398752496e-002
      3.0953271047724589e+000</data></_>
  <_ type_id="opencv-matrix">
    <rows>3</rows>
    <cols>1</cols>
    <dt>d</dt>
    <data>
      -3.9660804222283175e-001 -3.7012085482859591e-001
      -3.0921481323097151e+000</data></_>
  <_ type_id="opencv-matrix">
    <rows>3</rows>
    <cols>1</cols>
    <dt>d</dt>
    <data>
      1.2635027249701842e+000 6.1246435005188555e-003
      2.8742613476461649e+000</data></_>
  <_ type_id="opencv-matrix">
    <rows>3</rows>
    <cols>1</cols>
    <dt>d</dt>
    <data>
      -3.4414067820112748e-001 6.3825395044760189e-002
      3.0778834074044870e+000</data></_>
  <_ type_id="opencv-matrix">
    <rows>3</rows>
    <cols>1</cols>
    <dt>d</dt>
    <data>
      3.9334830726450065e-001 1.3872005480003777e-001
      3.0931074947186579e+000</data></_>
  <_ type_id="opencv-matrix">
    <rows>3</rows>
    <cols>1</cols>
    <dt>d</dt>
    <data>
      -9.5053096626813316e-001 -1.0717328378905946e-001
      -2.9872539549364570e+000</data></_>
  <_ type_id="opencv-matrix">
    <rows>3</rows>
    <cols>1</cols>
    <dt>d</dt>
    <data>
      1.7057036383283758e-001 2.6619244874318332e-001
      2.5076872860655128e+000</data></_>
  <_ type_id="opencv-matrix">
    <rows>3</rows>
    <cols>1</cols>
    <dt>d</dt>
    <data>
      -1.0139625579616768e-001 1.1834132059666382e-001
      7.2414680371423645e-001</data></_>
  <_ type_id="opencv-matrix">
    <rows>3</rows>
    <cols>1</cols>
    <dt>d</dt>
    <data>
      -2.2095164455246862e-002 7.9851933232668384e-002
      -3.1399059274436335e-002</data></_>
  <_ type_id="opencv-matrix">
    <rows>3</rows>
    <cols>1</cols>
    <dt>d</dt>
    <data>
      -4.0493067625320261e-002 3.8186368312010782e-001
      3.7231700574847482e-001</data></_>
  <_ type_id="opencv-matrix">
    <rows>3</rows>
    <cols>1</cols>
    <dt>d</dt>
    <data>
      3.3382113244647967e-002 3.1440760434410331e-001
      -3.1685851961068788e-002</data></_>
  <_ type_id="opencv-matrix">
    <rows>3</rows>
    <cols>1</cols>
    <dt>d</dt>
    <data>
      2.6517117101217614e-002 -1.7233842690609058e-001
      -3.7643233050740264e-002</data></_>
  <_ type_id="opencv-matrix">
    <rows>3</rows>
    <cols>1</cols>
    <dt>d</dt>
    <data>
      -1.6334570018197209e-001 6.5712827535040219e-001
      4.2167165463948567e-002</data></_>
  <_ type_id="opencv-matrix">
    <rows>3</rows>
    <cols>1</cols>
    <dt>d</dt>
    <data>
      -1.0222370365887926e-001 -1.8066393048938652e-002
      -3.8859111769891444e-002</data></_>
  <_ type_id="opencv-matrix">
    <rows>3</rows>
    <cols>1</cols>
    <dt>d</dt>
    <data>
      -8.9526177747515923e-002 5.8683782047792432e-001
      1.0085729326689268e-002</data></_></cam_R>
