<?xml version="1.0"?>
<opencv_storage>
<cam_reprojection_error>3.0975090714641357e-001</cam_reprojection_error>
<cam_reprojection_error2>2.5882695907114872e-001</cam_reprojection_error2>
<proj_reprojection_error>3.6884230378618948e-001</proj_reprojection_error>
<proj_reprojection_error2>4.7406160728899494e-001</proj_reprojection_error2>
<stereo_reprojection_error>3.8251062770012867e-001</stereo_reprojection_error>
<cam_K type_id="opencv-matrix">
  <rows>3</rows>
  <cols>3</cols>
  <dt>d</dt>
  <data>
    2.1837313191402682e+003 0. 9.5514680667264417e+002 0.
    2.1772139811253924e+003 5.9570156957592110e+002 0. 0. 1.</data></cam_K>
<cam_dist type_id="opencv-matrix">
  <rows>1</rows>
  <cols>5</cols>
  <dt>d</dt>
  <data>
    -1.5534364736286074e-001 2.0387958491776742e-001
    -1.3112758021817084e-003 -1.4904183893616771e-003 0.</data></cam_dist>
<cam_R>
  <_ type_id="opencv-matrix">
    <rows>3</rows>
    <cols>1</cols>
    <dt>d</dt>
    <data>
      -5.0889453192075529e-001 -1.6823387686158120e-001
      -3.0274580601621910e+000</data></_>
  <_ type_id="opencv-matrix">
    <rows>3</rows>
    <cols>1</cols>
    <dt>d</dt>
    <data>
      -5.1394369006937834e-001 -1.9920240800427186e-001
      -3.0311418905784642e+000</data></_>
  <_ type_id="opencv-matrix">
    <rows>3</rows>
    <cols>1</cols>
    <dt>d</dt>
    <data>
      -4.8397311717721014e-001 -1.2053551846513176e-001
      -3.0491943059907514e+000</data></_>
  <_ type_id="opencv-matrix">
    <rows>3</rows>
    <cols>1</cols>
    <dt>d</dt>
    <data>
      -4.5542455777852725e-001 -1.4394438855338368e-001
      -3.0412216302517958e+000</data></_>
  <_ type_id="opencv-matrix">
    <rows>3</rows>
    <cols>1</cols>
    <dt>d</dt>
    <data>
      -4.7756795751293907e-001 -1.7847824355258871e-001
      -3.0328038370118469e+000</data></_>
  <_ type_id="opencv-matrix">
    <rows>3</rows>
    <cols>1</cols>
    <dt>d</dt>
    <data>
      1.3091499302348389e-001 -2.2530443217187329e-001
      -3.0995924071070040e+000</data></_>
  <_ type_id="opencv-matrix">
    <rows>3</rows>
    <cols>1</cols>
    <dt>d</dt>
    <data>
      -1.0973919688629574e+000 -2.3011904632016195e-001
      -2.8158858864106491e+000</data></_>
  <_ type_id="opencv-matrix">
    <rows>3</rows>
    <cols>1</cols>
    <dt>d</dt>
    <data>
      -1.3377419418013974e+000 -5.0903972189111073e-002
      -2.7672623796777880e+000</data></_>
  <_ type_id="opencv-matrix">
    <rows>3</rows>
    <cols>1</cols>
    <dt>d</dt>
    <data>
      3.8884886438190941e-001 -3.0623903578220420e-002
      -3.0879483642073060e+000</data></_>
  <_ type_id="opencv-matrix">
    <rows>3</rows>
    <cols>1</cols>
    <dt>d</dt>
    <data>
      -1.0374073588036086e+000 -1.7905175955399347e-001
      -2.8660323139315595e+000</data></_>
  <_ type_id="opencv-matrix">
    <rows>3</rows>
    <cols>1</cols>
    <dt>d</dt>
    <data>
      5.1794813060778777e-001 -2.5554442749295424e-002
      -3.0778780041774696e+000</data></_>
  <_ type_id="opencv-matrix">
    <rows>3</rows>
    <cols>1</cols>
    <dt>d</dt>
    <data>
      -4.8507457285111305e-001 -1.0555415167122731e-001
      -3.0421857916414994e+000</data></_>
  <_ type_id="opencv-matrix">
    <rows>3</rows>
    <cols>1</cols>
    <dt>d</dt>
    <data>
      -5.0312043771753634e-001 -1.1204116467573590e-001
      -3.0391984033088582e+000</data></_>
  <_ type_id="opencv-matrix">
    <rows>3</rows>
    <cols>1</cols>
    <dt>d</dt>
    <data>
      -5.1348271032249038e-001 -1.1382531411415435e-001
      -3.0385578972997478e+000</data></_>
  <_ type_id="opencv-matrix">
    <rows>3</rows>
    <cols>1</cols>
    <dt>d</dt>
    <data>
      -4.5987434840231772e-001 -8.8307017172954236e-002
      -3.0571236036469918e+000</data></_>
  <_ type_id="opencv-matrix">
    <rows>3</rows>
    <cols>1</cols>
    <dt>d</dt>
    <data>
      2.0731598549907709e-001 -1.1960500693571006e-001
      -3.1018796293632187e+000</data></_>
  <_ type_id="opencv-matrix">
    <rows>3</rows>
    <cols>1</cols>
    <dt>d</dt>
    <data>
      -1.2980906954900739e+000 -6.1540223990657908e-002
      -2.7872701059973131e+000</data></_>
  <_ type_id="opencv-matrix">
    <rows>3</rows>
    <cols>1</cols>
    <dt>d</dt>
    <data>
      2.6501856524897399e-001 -1.4868888223528309e-001
      -3.1019126314072323e+000</data></_>
  <_ type_id="opencv-matrix">
    <rows>3</rows>
    <cols>1</cols>
    <dt>d</dt>
    <data>
      -1.3384034085833751e+000 -1.6419022432684613e-001
      -2.7197351024530465e+000</data></_>
  <_ type_id="opencv-matrix">
    <rows>3</rows>
    <cols>1</cols>
    <dt>d</dt>
    <data>
      4.6969054775000391e-001 -3.6955591873858704e-002
      -3.0787292951902843e+000</data></_>
  <_ type_id="opencv-matrix">
    <rows>3</rows>
    <cols>1</cols>
    <dt>d</dt>
    <data>
      -5.6521960018820439e-001 -6.1676857031425884e-002
      -3.0379838981478287e+000</data></_>
  <_ type_id="opencv-matrix">
    <rows>3</rows>
    <cols>1</cols>
    <dt>d</dt>
    <data>
      -4.5415527452240045e-001 -6.0909097829688168e-002
      -3.0603749233134621e+000</data></_>
  <_ type_id="opencv-matrix">
    <rows>3</rows>
    <cols>1</cols>
    <dt>d</dt>
    <data>
      -5.0392025845559529e-001 -6.0019397937256407e-002
      -3.0488480426044560e+000</data></_>
  <_ type_id="opencv-matrix">
    <rows>3</rows>
    <cols>1</cols>
    <dt>d</dt>
    <data>
      6.9549374675253808e-002 -4.9384546083843961e-002
      -3.1045516420335875e+000</data></_>
  <_ type_id="opencv-matrix">
    <rows>3</rows>
    <cols>1</cols>
    <dt>d</dt>
    <data>
      -1.0333039642037027e+000 -7.8310949767281271e-002
      -2.8962435363726478e+000</data></_></cam_R>
